           5
          20
          35
          50
          65
          80
          95
         110
         125
         140
         155
         170
         185
         200
         215
         230
         245
         260
         275
         290
         305
         320
         335
         350
         365
         380
         395
         410
         425
         440
         455
         470
         485
         500
         515
         530
         545
         560
         575
         590
         605
         620
         635
         650
         665
         680
         695
         710
         725
         740
         755
         770
         785
         800
         815
         830
         845
         860
         875
         890
         905
         920
         935
         950
         965
         980
         995
        1010
        1025
        1040
        1055
        1070
        1085
        1100
        1115
        1130
        1145
        1160
        1175
        1190
        1205
        1220
        1235
        1250
        1265
        1280
        1295
        1310
        1325
        1340
        1355
        1370
        1385
        1400
        1415
